image: pixel_art_2026.pgm
resolution: 0.010000
origin: [-1.520000, -1.020000, 0.000000]
negate: 0
occupied_thresh: 0.65
free_thresh: 0.196

